14 12 73
    ,    ,    ,    ,    ,    ,    ,    ,    ,    ,    ,    ,    ,    
S000,S001,S002,S003,S004,S005,S006,V007,S008,S009,S010,A011,S012,    
    ,S014,    ,    ,    ,    ,    ,S013,    ,    ,    ,    ,S015,    
    ,S016,    ,    ,    ,    ,    ,S017,    ,    ,S018,S019,S020,    
    ,V021,S022,A023,S024,S025,S026,K027,S028,S029,V030,    ,    ,    
    ,S031,    ,    ,    ,    ,    ,S032,    ,    ,S033,    ,    ,    
    ,S034,    ,    ,    ,    ,    ,S035,    ,    ,S036,    ,    ,    
    ,S037,S038,S039,    ,    ,    ,V040,S041,S042,S043,    ,    ,    
    ,    ,    ,S044,    ,    ,    ,S045,    ,    ,    ,    ,    ,    
    ,    ,    ,V046,S047,S048,S049,K050,S051,S052,A053,S054,S055,    
    ,S056,S057,S058,    ,    ,    ,S059,    ,    ,    ,    ,S060,    
    ,S061,S062,S063,S064,S065,S066,V067,S068,S069,S070,S071,S072,    

M000 C001 K302 C003 K204 K105
M010 K111 C012 K213
M020 K321 K122

000 001 001
001 002 014
002 001 003
003 002 004
004 003 005
005 004 006
006 005 007
007 006 013 008
008 007 009
009 008 010
010 009 011
011 010 012
012 011 015
013 007 017
014 001 016
015 012 020
016 014 021
017 013 027
018 019 030
019 018 020
020 015 019
021 016 022 031
022 021 023
023 022 024
024 023 025
025 024 026
026 025 027
027 017 032 026 028
028 027 029
029 028 030
030 018 029 033
031 021 034
032 027 035
033 030 036
034 031 037
035 032 040
036 033 043
037 034 038
038 037 039
039 038 044
040 035 041 045
041 040 042
042 041 043
043 036 042
044 039 046
045 040 050
046 044 047 058
047 046 048
048 047 049
049 048 050
050 045 059 049 051
051 050 052
052 051 053
053 052 054
054 053 055
055 054 060
056 061 057
057 056 058
058 057 046
059 050 067
060 055 072
061 056 062
062 061 063
063 062 064
064 063 065
065 064 066
066 065 067
067 066 059 068
068 067 069
069 068 070
070 069 071
071 070 072
072 071 060

011 1 TRUE
023 2 FALSE
053 3 TRUE

12